[[ 415178.    3073.    3396.   11456.   20510.]
 [   1681.  217835.   55541.    6259.   59330.]
 [  11882.   28016.  420862.    2091.    7384.]
 [ 141425.   91102.   36306.  255702.   47727.]
 [  66660.  245145.    6441.    8741.  615146.]]
pre0.207619482914
kappa0.61208435801
p_pro[ 0.65194888  0.37225871  0.80540661  0.89957045  0.8200886 ]
pry_[ 0.16323538  0.12258352  0.16921691  0.20593194  0.33903225]
pra0.692623203014
pro[ 636826.  585171.  522546.  284249.  750097.]
total2778889.0
pry[ 0.22916568  0.21057732  0.18804134  0.10228872  0.26992694]
p_usr[ 0.91526918  0.63947617  0.89500356  0.4468268   0.65292905]
usr[ 453613.  340646.  470235.  572262.  942133.]
Press <enter> to exit...